66443035
171462170
262029107
193930120
131020409
123755887
139374223
195651268
136888679
168799184
100096055
226645036
103788804
223512505
157567377
250049437
131555118
115938553
236896659
69367395
69367395
139374223
103788804
123755887
193930120
260604473
191488480
40914585
223404066
165266998
236486339
199498852
211362658
229008846
182605662
155748208
238773538
200106480
46853604
94213590
188383245
190067014
205816573
240200202
195651268
82267967
273822226
56693692
296760646
228468662
163402568
100096055
194259928
150289672
223887169
224976780
290130362
282853213
201704410
115938553
294665580
206637124
174480133
260559119
228531256
115567529
210061618
229147650
264882979
278449169
131020409
282721425
229487872
206814828
184497010
190647723
113566842
211068405
140247630
85849862
229265735
194324309
235707882
225530977
250049437
179978375
43553435
259813050
111166980
236938574
207647271
181852914
216430419
158729527
149608209
183578158
171574229
281853041
232137937
281357094
140313934
150048043
243127055
207559981
110539965
235800148
130869305
121947964
179571781
277054324
134309821
284112611
194355642
100719628
191555327
130591001
247598721
295320958
309083966
219102817
134139736
255493643
103154053
284092797
134288443
294970293
115442858
113505913
180429269
211560179
208437552
272048261
207796492
316521734
213493269
197582331
103448450
276355066
76358231
219354110
204552753
176830606
137874526
216604145
318642820
194262296
242402776
299540283
223870582
105948447
288644074
185211841
163303694
221828781
211836745
116792536
275387751
214454949
252632266
137796022
274816928
101277436
58277863
268138971
68715040
212891916
107659480
152749455
218313398
96362501
170446183
240798370
72700582
246515418
176043612
126246099
129831078
121283197
212025310
193413210
258913714
194849320
285405633
258303518
267526030
133098425
168170094
230080565
211923432
130962237
62903941
268530090
121287669
290426640
193694442
187820098
236120584
195748436
179686084
253614610
290060184
281710820
149769155
296879060
321744487
262060128
217602270
298566529
282543232
221842969
185010193
267279295
108089290
252160599
278255577
256048336
174905892
268027528
77800300
131355143
254048130
80882965
139340215
242288692
228678277
288675593
294815751
223691220
219968986
171213716
316001300
107847887
166166419
103358505
259781775
127302059
226190024
292936606
211351680
205779394
244245761
73283835
169261271
284069352
200523688
81351401
288334017
236076485
197352494
250557237
239125058
275483755
127870173
253105796
195801672
166735920
281123718
268672487
258871834
73790228
291829416
240466777
294046619
257756781
316074140
252851899
134574677
237901869
120181503
180059788
290219755
238263216
186450640
145758401
266946540
94815730
245020722
170126983
271645940
97059633
272466966
219314812
157661146
274134909
127457200
253654273
205338238
234617054
119510941
99766320
185990522
250303282
196597428
214860808
98941945
178762484
203422062
191861681
189543095
253105027
229683501
221919772
147296590
299575288
3131214
229228512
189116185
170067113
244263131
184363242
253895030
189545568
143233019
82450281
214304453
110008206
256602472
97694727
84104292
137915436
99554310
211381655
29110580
208928414
58944858
305518614
265857368
198757854
105992453
217471262
287953002
195546157
248992235
248133467
91545709
238923872
251110328
114412031
125154263
190493884
189215648
275441243
317415714
114787205
273264374
282880722
189639606
116971883
295472610
201196357
120741730
261661337
225040247
104798136
177391562
189468140
88405313
263093598
233423365
264144287
114696228
262472382
158660234
127220957
33345766
94938582
93882618
120325620
160808163
215689675
232917658
190895325
257308349
288674373
215972584
220828549
168475914
173278707
270448706
302909853
270822807
199067749
248814696
291010161
166381545
176970042
139730822
261335565
285169947
280148548
202482661
74201532
106267801
209649501
98406449
275706975
153082803
218729121
257397576
134985613
240558993
203192338
322503309
272468758
263500706
135566223
156912806
78330019
275533508
209606944
147698858
237193148
60018416
114887730
228965476
194225227
112372269
295741928
252230856
56195740
256001569
223632749
226495813
221390496
42550257
48120567
208025673
104107738
95533570
256036626
260691026
97945231
189677600
63551956
160261997
103190020
128726961
212888551
275108589
92724393
247579245
286848741
198220893
126519818
209058397
108454878
290925415
223442046
250486245
232454632
229014112
171121941
293427357
223597162
219874843
191845122
307457683
293106687
266720057
115475059
294636460
132326187
310940788
243006023
252564333
302467112
291334231
281466387
153683233
292166772
264143831
103435471
250859895
121179616
208164425
144167086
217448430
153296533
91602091
229353120
138786912
171460133
270641985
303847253
270579842
271078543
110250061
77979067
293384280
181465745
265513059
204941115
102241271
113764997
250181295
212055168
196639932
220967265
156858666
147539666
266557997
251539520
123575320
226233469
144733860
270790003
93077489
201347460
231405413
301858046
235527777
32516875
180145296
151671411
285535223
282030194
129519071
254968930
180499210
112668681
221025514
257799608
240400114
269064537
292292320
140413237
101719439
302667517
108359654
183307547
327263716
190054608
161017094
109860217
95661874
210391966
221408391
73935071
216063863
241227419
262109487
255751063
224635208
100797065
263475240
135732174
292213618
125414533
242180118
306738063
141949034
279521046
291701717
210223888
251824522
221619886
53419065
182167034
246628879
273909215
201546716
297720591
262480287
111262896
114069226
120772927
258338029
248533318
258455892
121182427
192254724
78720243
127957103
182344984
156306988
200674164
105746644
227970445
107211555
197784555
242071907
163133029
265083145
174063277
214078017
273545649
301487941
266440650
132715028
286690150
131505486
306246804
113300944
173507553
186922590
143393288
101616239
196700192
166478533
222956284
163128698
102154389
239200610
250256770
182495806
210493923
231965495
268700381
235706644
221974189
227775866
210243395
131725709
295239620
98505242
127319609
114409549
135861531
185615762
206841652
276456965
210293795
112795904
321574147
223508312
97941812
304516285
191352290
196213127
265700905
159118854
270842058
189391064
286341851
298205421
261542438
267505950
239987419
202016599
290231071
295604657
102277633
257353739
100183778
